  % Total    % Received % Xferd  Average Speed  Time    Time    Time   Current
                                 Dload  Upload  Total   Spent   Left   Speed
  0      0   0      0   0      0      0      0                              0  0      0   0      0   0      0      0      0           00:01              0  0      0   0      0   0      0      0      0           00:02              0  0      0   0      0   0      0      0      0           00:03              0  0      0   0      0   0      0      0      0           00:04              0  0      0   0      0   0      0      0      0           00:05              0  0      0   0      0   0      0      0      0           00:06              0  0      0   0      0   0      0      0      0           00:07              0  0      0   0      0   0      0      0      0           00:08              0  0      0   0      0   0      0      0      0           00:09              0  0      0   0      0   0      0      0      0           00:10              0  0      0   0      0   0      0      0      0           00:11              0  0      0   0      0   0      0      0      0           00:12              0  0      0   0      0   0      0      0      0           00:13              0  0      0   0      0   0      0      0      0           00:14              0  0      0   0      0   0      0      0      0           00:15              0  0      0   0      0   0      0      0      0           00:16              0  0      0   0      0   0      0      0      0           00:17              0  0      0   0      0   0      0      0      0           00:18              0  0      0   0      0   0      0      0      0           00:19              0  0      0   0      0   0      0      0      0           00:20              0  0      0   0      0   0      0      0      0           00:21              0  0      0   0      0   0      0      0      0           00:22              0  0      0   0      0   0      0      0      0           00:23              0  0      0   0      0   0      0      0      0           00:24              0  0      0   0      0   0      0      0      0           00:25              0  0      0   0      0   0      0      0      0           00:26              0event: audit
data: {"index": 0, "timestamp": "2026-08-10T07:08:16.712289+00:00", "event": "module_registered", "actor": "system", "session_id": null, "packet_id": null, "detail": {"module_id": "ollama-gemma2-9b", "roles": ["sender"], "is_mock": false, "capabilities": ["grapheme_to_phoneme/speech_tts/pronunciation/as-ipa"]}, "prev_hash": "0000000000000000000000000000000000000000000000000000000000000000", "hash": "d712dcc1c8ddbd64a5807db8e5a96ef1c09e24f2ed2ec47fedd17da4c68dd641"}

event: audit
data: {"index": 1, "timestamp": "2026-08-10T07:08:16.732352+00:00", "event": "module_registered", "actor": "system", "session_id": null, "packet_id": null, "detail": {"module_id": "ollama-qwen3.5-latest", "roles": ["receiver"], "is_mock": false, "capabilities": ["grapheme_to_phoneme/speech_tts/pronunciation/as-ipa"]}, "prev_hash": "d712dcc1c8ddbd64a5807db8e5a96ef1c09e24f2ed2ec47fedd17da4c68dd641", "hash": "1d1cdec0c727908b3cdcf7f0bb90308d1676cb720f7049e451b39e47b66c7f4b"}

event: audit
data: {"index": 2, "timestamp": "2026-08-10T07:08:16.749303+00:00", "event": "adapter_bound", "actor": "system", "session_id": null, "packet_id": null, "detail": {"adapter_id": "ollama-gemma2-9b-to-ollama-qwen3.5-latest", "sender_id": "ollama-gemma2-9b", "receiver_id": "ollama-qwen3.5-latest", "description": "", "policy_overrides": {}}, "prev_hash": "1d1cdec0c727908b3cdcf7f0bb90308d1676cb720f7049e451b39e47b66c7f4b", "hash": "9ca93c5430463db579a5e3f5bfc05ef40bf330f1bf44713090371c44a3f7fa65"}

event: audit
data: {"index": 3, "timestamp": "2026-08-10T07:08:16.768890+00:00", "event": "session_opened", "actor": "studio:9ca0d5f03c05", "session_id": "cfc19369-fd77-4670-8ac5-08bfd5ab49a2", "packet_id": null, "detail": {"session_id": "cfc19369-fd77-4670-8ac5-08bfd5ab49a2", "adapter_id": "ollama-gemma2-9b-to-ollama-qwen3.5-latest", "sender": "ollama-gemma2-9b", "receiver": "ollama-qwen3.5-latest", "shared_modalities": ["speech_tts"], "negotiated_level": 3, "involves_mock": false, "opened_at": "2026-08-10T07:08:16.751266+00:00"}, "prev_hash": "9ca93c5430463db579a5e3f5bfc05ef40bf330f1bf44713090371c44a3f7fa65", "hash": "9400396d64c8f3080a670340a38117b360110c76b8293b1e1c58b16fffbb4531"}

100   2181   0   2181   0      0     78      0           00:27            396100   2181   0   2181   0      0     75      0           00:28            395100   2181   0   2181   0      0     72      0           00:29            396100   2181   0   2181   0      0     70      0           00:30            396100   2181   0   2181   0      0     68      0           00:31            395100   2181   0   2181   0      0     66      0           00:32              0100   2181   0   2181   0      0     64      0           00:33              0100   2181   0   2181   0      0     62      0           00:34              0100   2181   0   2181   0      0     60      0           00:35              0100   2181   0   2181   0      0     59      0           00:36              0100   2181   0   2181   0      0     57      0           00:37              0100   2181   0   2181   0      0     55      0           00:38              0100   2181   0   2181   0      0     54      0           00:39              0100   2181   0   2181   0      0     53      0           00:40              0100   2181   0   2181   0      0     51      0           00:42              0100   2181   0   2181   0      0     50      0           00:43              0100   2181   0   2181   0      0     49      0           00:44              0100   2181   0   2181   0      0     48      0           00:45              0100   2181   0   2181   0      0     47      0           00:46              0100   2181   0   2181   0      0     46      0           00:47              0100   2181   0   2181   0      0     45      0           00:48              0100   2181   0   2181   0      0     44      0           00:49              0100   2181   0   2181   0      0     43      0           00:50              0100   2181   0   2181   0      0     42      0           00:51              0100   2181   0   2181   0      0     41      0           00:52              0100   2181   0   2181   0      0     41      0           00:53              0100   2181   0   2181   0      0     40      0           00:54              0100   2181   0   2181   0      0     39      0           00:55              0100   2181   0   2181   0      0     38      0           00:56              0100   2181   0   2181   0      0     38      0           00:57              0100   2181   0   2181   0      0     37      0           00:58              0100   2181   0   2181   0      0     36      0           00:59              0100   2181   0   2181   0      0     36      0           01:00              0100   2181   0   2181   0      0     35      0           01:01              0100   2181   0   2181   0      0     35      0           01:02              0100   2181   0   2181   0      0     34      0           01:03              0100   2181   0   2181   0      0     33      0           01:04              0100   2181   0   2181   0      0     33      0           01:05              0100   2181   0   2181   0      0     32      0           01:06              0100   2181   0   2181   0      0     32      0           01:07              0100   2181   0   2181   0      0     31      0           01:08              0100   2181   0   2181   0      0     31      0           01:09              0100   2181   0   2181   0      0     31      0           01:10              0100   2181   0   2181   0      0     30      0           01:11              0100   2181   0   2181   0      0     30      0           01:12              0100   2181   0   2181   0      0     29      0           01:13              0100   2181   0   2181   0      0     29      0           01:14              0100   2181   0   2181   0      0     28      0           01:15              0100   2181   0   2181   0      0     28      0           01:16              0100   2181   0   2181   0      0     28      0           01:17              0100   2181   0   2181   0      0     27      0           01:18              0100   2181   0   2181   0      0     27      0           01:19              0100   2181   0   2181   0      0     27      0           01:20              0100   2181   0   2181   0      0     26      0           01:21              0100   2181   0   2181   0      0     26      0           01:22              0100   2181   0   2181   0      0     26      0           01:23              0100   2181   0   2181   0      0     25      0           01:24              0100   2181   0   2181   0      0     25      0           01:25              0100   2181   0   2181   0      0     25      0           01:26              0100   2181   0   2181   0      0     24      0           01:27              0100   2181   0   2181   0      0     24      0           01:28              0100   2181   0   2181   0      0     24      0           01:29              0100   2181   0   2181   0      0     24      0           01:30              0100   2181   0   2181   0      0     23      0           01:31              0100   2181   0   2181   0      0     23      0           01:32              0100   2181   0   2181   0      0     23      0           01:33              0100   2181   0   2181   0      0     23      0           01:34              0100   2181   0   2181   0      0     22      0           01:35              0100   2181   0   2181   0      0     22      0           01:36              0100   2181   0   2181   0      0     22      0           01:37              0100   2181   0   2181   0      0     22      0           01:38              0100   2181   0   2181   0      0     21      0           01:39              0100   2181   0   2181   0      0     21      0           01:40              0100   2181   0   2181   0      0     21      0           01:41              0100   2181   0   2181   0      0     21      0           01:42              0100   2181   0   2181   0      0     21      0           01:43              0100   2181   0   2181   0      0     20      0           01:44              0100   2181   0   2181   0      0     20      0           01:45              0100   2181   0   2181   0      0     20      0           01:46              0100   2181   0   2181   0      0     20      0           01:47              0100   2181   0   2181   0      0     20      0           01:48              0100   2181   0   2181   0      0     19      0           01:49              0100   2181   0   2181   0      0     19      0           01:50              0100   2181   0   2181   0      0     19      0           01:51              0100   2181   0   2181   0      0     19      0           01:52              0100   2181   0   2181   0      0     19      0           01:53              0100   2181   0   2181   0      0     19      0           01:54              0100   2181   0   2181   0      0     18      0           01:55              0100   2181   0   2181   0      0     18      0           01:56              0100   2181   0   2181   0      0     18      0           01:57              0100   2181   0   2181   0      0     18      0           01:58              0100   2181   0   2181   0      0     18      0           01:59              0100   2181   0   2181   0      0     18      0           02:00              0100   2181   0   2181   0      0     17      0           02:01              0100   2181   0   2181   0      0     17      0           02:02              0100   2181   0   2181   0      0     17      0           02:03              0100   2181   0   2181   0      0     17      0           02:04              0100   2181   0   2181   0      0     17      0           02:05              0100   2181   0   2181   0      0     17      0           02:06              0100   2181   0   2181   0      0     17      0           02:07              0100   2181   0   2181   0      0     16      0           02:08              0100   2181   0   2181   0      0     16      0           02:09              0100   2181   0   2181   0      0     16      0           02:10              0100   2181   0   2181   0      0     16      0           02:11              0100   2181   0   2181   0      0     16      0           02:12              0100   2181   0   2181   0      0     16      0           02:13              0100   2181   0   2181   0      0     16      0           02:14              0100   2181   0   2181   0      0     16      0           02:15              0100   2181   0   2181   0      0     15      0           02:16              0100   2181   0   2181   0      0     15      0           02:17              0100   2181   0   2181   0      0     15      0           02:18              0100   2181   0   2181   0      0     15      0           02:19              0100   2181   0   2181   0      0     15      0           02:20              0100   2181   0   2181   0      0     15      0           02:21              0100   2181   0   2181   0      0     15      0           02:22              0100   2181   0   2181   0      0     15      0           02:23              0100   2181   0   2181   0      0     15      0           02:24              0100   2181   0   2181   0      0     14      0           02:25              0100   2181   0   2181   0      0     14      0           02:26              0100   2181   0   2181   0      0     14      0           02:27              0100   2181   0   2181   0      0     14      0           02:28              0100   2181   0   2181   0      0     14      0           02:29              0100   2181   0   2181   0      0     14      0           02:30              0100   2181   0   2181   0      0     14      0           02:31              0100   2181   0   2181   0      0     14      0           02:32              0100   2181   0   2181   0      0     14      0           02:33              0100   2181   0   2181   0      0     13      0           02:35              0100   2181   0   2181   0      0     13      0           02:36              0100   2181   0   2181   0      0     13      0           02:37              0100   2181   0   2181   0      0     13      0           02:38              0100   2181   0   2181   0      0     13      0           02:39              0100   2181   0   2181   0      0     13      0           02:40              0100   2181   0   2181   0      0     13      0           02:41              0100   2181   0   2181   0      0     13      0           02:42              0100   2181   0   2181   0      0     13      0           02:43              0100   2181   0   2181   0      0     13      0           02:44              0100   2181   0   2181   0      0     13      0           02:46              0100   2181   0   2181   0      0     13      0           02:47              0100   2181   0   2181   0      0     12      0           02:48              0100   2181   0   2181   0      0     12      0           02:49              0100   2181   0   2181   0      0     12      0           02:50              0100   2181   0   2181   0      0     12      0           02:51              0100   2181   0   2181   0      0     12      0           02:52              0100   2181   0   2181   0      0     12      0           02:53              0100   2181   0   2181   0      0     12      0           02:54              0100   2181   0   2181   0      0     12      0           02:55              0100   2181   0   2181   0      0     12      0           02:56              0100   2181   0   2181   0      0     12      0           02:57              0100   2181   0   2181   0      0     12      0           02:58              0event: audit
data: {"index": 4, "timestamp": "2026-08-10T07:10:48.676241+00:00", "event": "gap_negotiated", "actor": "studio:9ca0d5f03c05", "session_id": "cfc19369-fd77-4670-8ac5-08bfd5ab49a2", "packet_id": null, "detail": {"sender": "ollama-gemma2-9b", "receiver": "ollama-qwen3.5-latest", "declared_gaps": [], "measured_gaps": [{"capability": "grapheme_to_phoneme/speech_tts/pronunciation/as-ipa", "receiver_score": 0.35, "sender_score": 0.6385, "headroom": 0.2885}], "actionable": 1}, "prev_hash": "9400396d64c8f3080a670340a38117b360110c76b8293b1e1c58b16fffbb4531", "hash": "3663de4cb3ce2e86ab6807d6e8009727ab53ec20ef46c4ab19274daaaa71d00d"}

100   2827   0   2827   0      0     15      0           02:59            109100   2827   0   2827   0      0     15      0           03:00            110100   2827   0   2827   0      0     15      0           03:01            110100   2827   0   2827   0      0     15      0           03:02            110100   2827   0   2827   0      0     15      0           03:04            110100   2827   0   2827   0      0     15      0           03:05              0100   2827   0   2827   0      0     15      0           03:06              0100   2827   0   2827   0      0     15      0           03:07              0100   2827   0   2827   0      0     15      0           03:08              0100   2827   0   2827   0      0     14      0           03:09              0100   2827   0   2827   0      0     14      0           03:10              0100   2827   0   2827   0      0     14      0           03:11              0100   2827   0   2827   0      0     14      0           03:12              0100   2827   0   2827   0      0     14      0           03:13              0100   2827   0   2827   0      0     14      0           03:14              0100   2827   0   2827   0      0     14      0           03:15              0100   2827   0   2827   0      0     14      0           03:16              0100   2827   0   2827   0      0     14      0           03:17              0100   2827   0   2827   0      0     14      0           03:18              0100   2827   0   2827   0      0     14      0           03:19              0100   2827   0   2827   0      0     14      0           03:20              0100   2827   0   2827   0      0     14      0           03:21              0100   2827   0   2827   0      0     13      0           03:22              0100   2827   0   2827   0      0     13      0           03:23              0100   2827   0   2827   0      0     13      0           03:24              0100   2827   0   2827   0      0     13      0           03:25              0100   2827   0   2827   0      0     13      0           03:26              0100   2827   0   2827   0      0     13      0           03:27              0100   2827   0   2827   0      0     13      0           03:28              0100   2827   0   2827   0      0     13      0           03:29              0100   2827   0   2827   0      0     13      0           03:30              0100   2827   0   2827   0      0     13      0           03:31              0100   2827   0   2827   0      0     13      0           03:32              0100   2827   0   2827   0      0     13      0           03:33              0100   2827   0   2827   0      0     13      0           03:34              0100   2827   0   2827   0      0     13      0           03:35              0100   2827   0   2827   0      0     13      0           03:36              0100   2827   0   2827   0      0     13      0           03:37              0100   2827   0   2827   0      0     12      0           03:38              0100   2827   0   2827   0      0     12      0           03:39              0100   2827   0   2827   0      0     12      0           03:40              0100   2827   0   2827   0      0     12      0           03:41              0100   2827   0   2827   0      0     12      0           03:42              0100   2827   0   2827   0      0     12      0           03:43              0100   2827   0   2827   0      0     12      0           03:44              0100   2827   0   2827   0      0     12      0           03:45              0100   2827   0   2827   0      0     12      0           03:46              0100   2827   0   2827   0      0     12      0           03:47              0100   2827   0   2827   0      0     12      0           03:48              0100   2827   0   2827   0      0     12      0           03:49              0100   2827   0   2827   0      0     12      0           03:50              0100   2827   0   2827   0      0     12      0           03:51              0100   2827   0   2827   0      0     12      0           03:52              0100   2827   0   2827   0      0     12      0           03:53              0100   2827   0   2827   0      0     12      0           03:54              0100   2827   0   2827   0      0     12      0           03:55              0100   2827   0   2827   0      0     11      0           03:56              0100   2827   0   2827   0      0     11      0           03:57              0100   2827   0   2827   0      0     11      0           03:58              0100   2827   0   2827   0      0     11      0           03:59              0100   2827   0   2827   0      0     11      0           04:00              0100   2827   0   2827   0      0     11      0           04:01              0100   2827   0   2827   0      0     11      0           04:02              0100   2827   0   2827   0      0     11      0           04:03              0100   2827   0   2827   0      0     11      0           04:04              0100   2827   0   2827   0      0     11      0           04:05              0100   2827   0   2827   0      0     11      0           04:06              0100   2827   0   2827   0      0     11      0           04:07              0100   2827   0   2827   0      0     11      0           04:08              0100   2827   0   2827   0      0     11      0           04:09              0100   2827   0   2827   0      0     11      0           04:10              0100   2827   0   2827   0      0     11      0           04:11              0100   2827   0   2827   0      0     11      0           04:12              0100   2827   0   2827   0      0     11      0           04:13              0100   2827   0   2827   0      0     11      0           04:14              0100   2827   0   2827   0      0     11      0           04:15              0100   2827   0   2827   0      0     11      0           04:16              0100   2827   0   2827   0      0     10      0           04:17              0100   2827   0   2827   0      0     10      0           04:18              0100   2827   0   2827   0      0     10      0           04:19              0100   2827   0   2827   0      0     10      0           04:19             10100   2827   0   2827   0      0     10      0           04:20              0100   2827   0   2827   0      0     10      0           04:21              0100   2827   0   2827   0      0     10      0           04:22              0100   2827   0   2827   0      0     10      0           04:23              0100   2827   0   2827   0      0     10      0           04:24              0100   2827   0   2827   0      0     10      0           04:25              0100   2827   0   2827   0      0     10      0           04:26              0100   2827   0   2827   0      0     10      0           04:27              0100   2827   0   2827   0      0     10      0           04:28              0100   2827   0   2827   0      0     10      0           04:29              0100   2827   0   2827   0      0     10      0           04:30              0100   2827   0   2827   0      0     10      0           04:31              0100   2827   0   2827   0      0     10      0           04:32              0100   2827   0   2827   0      0     10      0           04:33              0100   2827   0   2827   0      0     10      0           04:34              0100   2827   0   2827   0      0     10      0           04:35              0100   2827   0   2827   0      0     10      0           04:36              0100   2827   0   2827   0      0     10      0           04:37              0100   2827   0   2827   0      0     10      0           04:38              0100   2827   0   2827   0      0     10      0           04:39              0100   2827   0   2827   0      0     10      0           04:40              0100   2827   0   2827   0      0     10      0           04:41              0100   2827   0   2827   0      0      9      0           04:42              0100   2827   0   2827   0      0      9      0           04:43              0100   2827   0   2827   0      0      9      0           04:44              0100   2827   0   2827   0      0      9      0           04:45              0100   2827   0   2827   0      0      9      0           04:46              0100   2827   0   2827   0      0      9      0           04:47              0100   2827   0   2827   0      0      9      0           04:48              0100   2827   0   2827   0      0      9      0           04:49              0100   2827   0   2827   0      0      9      0           04:50              0100   2827   0   2827   0      0      9      0           04:51              0100   2827   0   2827   0      0      9      0           04:52              0100   2827   0   2827   0      0      9      0           04:53              0100   2827   0   2827   0      0      9      0           04:54              0100   2827   0   2827   0      0      9      0           04:55              0100   2827   0   2827   0      0      9      0           04:56              0100   2827   0   2827   0      0      9      0           04:57              0100   2827   0   2827   0      0      9      0           04:58              0100   2827   0   2827   0      0      9      0           04:59              0100   2827   0   2827   0      0      9      0           05:00              0100   2827   0   2827   0      0      9      0           05:01              0100   2827   0   2827   0      0      9      0           05:02              0100   2827   0   2827   0      0      9      0           05:03              0100   2827   0   2827   0      0      9      0           05:04              0100   2827   0   2827   0      0      9      0           05:05              0100   2827   0   2827   0      0      9      0           05:06              0100   2827   0   2827   0      0      9      0           05:07              0100   2827   0   2827   0      0      9      0           05:08              0100   2827   0   2827   0      0      9      0           05:10              0100   2827   0   2827   0      0      9      0           05:11              0100   2827   0   2827   0      0      9      0           05:12              0100   2827   0   2827   0      0      9      0           05:13              0100   2827   0   2827   0      0      9      0           05:14              0100   2827   0   2827   0      0      8      0           05:15              0100   2827   0   2827   0      0      8      0           05:16              0100   2827   0   2827   0      0      8      0           05:17              0100   2827   0   2827   0      0      8      0           05:18              0100   2827   0   2827   0      0      8      0           05:19              0100   2827   0   2827   0      0      8      0           05:20              0100   2827   0   2827   0      0      8      0           05:21              0100   2827   0   2827   0      0      8      0           05:22              0100   2827   0   2827   0      0      8      0           05:23              0100   2827   0   2827   0      0      8      0           05:24              0100   2827   0   2827   0      0      8      0           05:25              0100   2827   0   2827   0      0      8      0           05:26              0100   2827   0   2827   0      0      8      0           05:27              0100   2827   0   2827   0      0      8      0           05:28              0100   2827   0   2827   0      0      8      0           05:29              0100   2827   0   2827   0      0      8      0           05:30              0100   2827   0   2827   0      0      8      0           05:31              0100   2827   0   2827   0      0      8      0           05:32              0100   2827   0   2827   0      0      8      0           05:33              0100   2827   0   2827   0      0      8      0           05:34              0100   2827   0   2827   0      0      8      0           05:35              0100   2827   0   2827   0      0      8      0           05:36              0100   2827   0   2827   0      0      8      0           05:37              0100   2827   0   2827   0      0      8      0           05:38              0100   2827   0   2827   0      0      8      0           05:39              0100   2827   0   2827   0      0      8      0           05:40              0100   2827   0   2827   0      0      8      0           05:41              0100   2827   0   2827   0      0      8      0           05:42              0100   2827   0   2827   0      0      8      0           05:43              0100   2827   0   2827   0      0      8      0           05:44              0100   2827   0   2827   0      0      8      0           05:45              0100   2827   0   2827   0      0      8      0           05:46              0100   2827   0   2827   0      0      8      0           05:47              0100   2827   0   2827   0      0      8      0           05:48              0100   2827   0   2827   0      0      8      0           05:49              0100   2827   0   2827   0      0      8      0           05:50              0100   2827   0   2827   0      0      8      0           05:51              0100   2827   0   2827   0      0      8      0           05:52              0100   2827   0   2827   0      0      7      0           05:53              0100   2827   0   2827   0      0      7      0           05:54              0100   2827   0   2827   0      0      7      0           05:55              0100   2827   0   2827   0      0      7      0           05:56              0100   2827   0   2827   0      0      7      0           05:57              0100   2827   0   2827   0      0      7      0           05:58              0100   2827   0   2827   0      0      7      0           05:59              0100   2827   0   2827   0      0      7      0           06:00              0100   2827   0   2827   0      0      7      0           06:01              0100   2827   0   2827   0      0      7      0           06:02              0100   2827   0   2827   0      0      7      0           06:03              0100   2827   0   2827   0      0      7      0           06:04              0100   2827   0   2827   0      0      7      0           06:05              0100   2827   0   2827   0      0      7      0           06:06              0event: audit
data: {"index": 5, "timestamp": "2026-08-10T07:13:56.482280+00:00", "event": "extracted", "actor": "studio:9ca0d5f03c05", "session_id": "cfc19369-fd77-4670-8ac5-08bfd5ab49a2", "packet_id": null, "detail": {"capability": "grapheme_to_phoneme/speech_tts/pronunciation/as-ipa", "count": 12}, "prev_hash": "3663de4cb3ce2e86ab6807d6e8009727ab53ec20ef46c4ab19274daaaa71d00d", "hash": "7669ba5ec919e5043178d34136ddac413e163736fad5da91bc7f6a2918971da7"}

100   3287   0   3287   0      0      8      0           06:07             89100   3287   0   3287   0      0      8      0           06:08             89100   3287   0   3287   0      0      8      0           06:09             89100   3287   0   3287   0      0      8      0           06:10             89100   3287   0   3287   0      0      8      0           06:11             89100   3287   0   3287   0      0      8      0           06:12              0100   3287   0   3287   0      0      8      0           06:13              0100   3287   0   3287   0      0      8      0           06:14              0100   3287   0   3287   0      0      8      0           06:15              0100   3287   0   3287   0      0      8      0           06:16              0100   3287   0   3287   0      0      8      0           06:17              0100   3287   0   3287   0      0      8      0           06:18              0100   3287   0   3287   0      0      8      0           06:19              0100   3287   0   3287   0      0      8      0           06:20              0100   3287   0   3287   0      0      8      0           06:21              0100   3287   0   3287   0      0      8      0           06:22              0100   3287   0   3287   0      0      8      0           06:23              0100   3287   0   3287   0      0      8      0           06:24              0100   3287   0   3287   0      0      8      0           06:25              0100   3287   0   3287   0      0      8      0           06:26              0100   3287   0   3287   0      0      8      0           06:27              0100   3287   0   3287   0      0      8      0           06:28              0100   3287   0   3287   0      0      8      0           06:29              0100   3287   0   3287   0      0      8      0           06:30              0100   3287   0   3287   0      0      8      0           06:31              0100   3287   0   3287   0      0      8      0           06:32              0100   3287   0   3287   0      0      8      0           06:33              0100   3287   0   3287   0      0      8      0           06:34              0100   3287   0   3287   0      0      8      0           06:35              0100   3287   0   3287   0      0      8      0           06:36              0100   3287   0   3287   0      0      8      0           06:37              0100   3287   0   3287   0      0      8      0           06:38              0100   3287   0   3287   0      0      8      0           06:39              0100   3287   0   3287   0      0      8      0           06:40              0100   3287   0   3287   0      0      8      0           06:41              0100   3287   0   3287   0      0      8      0           06:42              0100   3287   0   3287   0      0      8      0           06:43              0100   3287   0   3287   0      0      8      0           06:44              0100   3287   0   3287   0      0      8      0           06:45              0100   3287   0   3287   0      0      8      0           06:47              0100   3287   0   3287   0      0      8      0           06:48              0100   3287   0   3287   0      0      8      0           06:49              0100   3287   0   3287   0      0      8      0           06:50              0100   3287   0   3287   0      0      7      0           06:51              0100   3287   0   3287   0      0      7      0           06:52              0100   3287   0   3287   0      0      7      0           06:53              0100   3287   0   3287   0      0      7      0           06:54              0100   3287   0   3287   0      0      7      0           06:55              0100   3287   0   3287   0      0      7      0           06:56              0100   3287   0   3287   0      0      7      0           06:57              0100   3287   0   3287   0      0      7      0           06:58              0100   3287   0   3287   0      0      7      0           06:59              0100   3287   0   3287   0      0      7      0           07:00              0100   3287   0   3287   0      0      7      0           07:01              0100   3287   0   3287   0      0      7      0           07:02              0100   3287   0   3287   0      0      7      0           07:03              0100   3287   0   3287   0      0      7      0           07:04              0100   3287   0   3287   0      0      7      0           07:05              0100   3287   0   3287   0      0      7      0           07:06              0100   3287   0   3287   0      0      7      0           07:07              0100   3287   0   3287   0      0      7      0           07:08              0100   3287   0   3287   0      0      7      0           07:09              0100   3287   0   3287   0      0      7      0           07:10              0100   3287   0   3287   0      0      7      0           07:11              0100   3287   0   3287   0      0      7      0           07:12              0100   3287   0   3287   0      0      7      0           07:13              0100   3287   0   3287   0      0      7      0           07:14              0100   3287   0   3287   0      0      7      0           07:15              0100   3287   0   3287   0      0      7      0           07:16              0100   3287   0   3287   0      0      7      0           07:17              0100   3287   0   3287   0      0      7      0           07:18              0100   3287   0   3287   0      0      7      0           07:19              0100   3287   0   3287   0      0      7      0           07:20              0100   3287   0   3287   0      0      7      0           07:21              0100   3287   0   3287   0      0      7      0           07:22              0100   3287   0   3287   0      0      7      0           07:23              0100   3287   0   3287   0      0      7      0           07:24              0100   3287   0   3287   0      0      7      0           07:25              0100   3287   0   3287   0      0      7      0           07:26              0100   3287   0   3287   0      0      7      0           07:27              0100   3287   0   3287   0      0      7      0           07:28              0100   3287   0   3287   0      0      7      0           07:29              0100   3287   0   3287   0      0      7      0           07:30              0100   3287   0   3287   0      0      7      0           07:31              0100   3287   0   3287   0      0      7      0           07:32              0100   3287   0   3287   0      0      7      0           07:33              0100   3287   0   3287   0      0      7      0           07:34              0100   3287   0   3287   0      0      7      0           07:35              0100   3287   0   3287   0      0      7      0           07:36              0100   3287   0   3287   0      0      7      0           07:37              0event: audit
data: {"index": 6, "timestamp": "2026-08-10T07:15:27.354596+00:00", "event": "relevance_filtered", "actor": "studio:9ca0d5f03c05", "session_id": "cfc19369-fd77-4670-8ac5-08bfd5ab49a2", "packet_id": null, "detail": {"kept": 12, "dropped": 0}, "prev_hash": "7669ba5ec919e5043178d34136ddac413e163736fad5da91bc7f6a2918971da7", "hash": "b15568992a321cb41d3723b40a0be960547aad260782333c835250cd2eb045f1"}

event: audit
data: {"index": 7, "timestamp": "2026-08-10T07:15:27.375449+00:00", "event": "safety_filtered", "actor": "studio:9ca0d5f03c05", "session_id": "cfc19369-fd77-4670-8ac5-08bfd5ab49a2", "packet_id": null, "detail": {"kept": 12, "dropped": 0}, "prev_hash": "b15568992a321cb41d3723b40a0be960547aad260782333c835250cd2eb045f1", "hash": "6c007cbe48de319b68d63bf5eb09e8dff097e2fbc99098add70f943b222fb983"}

event: audit
data: {"index": 8, "timestamp": "2026-08-10T07:15:27.416557+00:00", "event": "distilled", "actor": "studio:9ca0d5f03c05", "session_id": "cfc19369-fd77-4670-8ac5-08bfd5ab49a2", "packet_id": "0573b9d5-a5d8-4df8-9345-bbc0cbe98ef5", "detail": {"packet_type": "lexicon", "members": 12, "content_hash": "ed70d402753f979437bdf7cdfd0746b104a31434be99cdf85fdd78f5c744c620"}, "prev_hash": "6c007cbe48de319b68d63bf5eb09e8dff097e2fbc99098add70f943b222fb983", "hash": "c3a85ec7fbe7dd66a9b709dd9e603803d2c35a90c8412d28cbc0645cec323e45"}

100   4647   0   4647   0      0     10      0           07:38            243100   4647   0   4647   0      0     10      0           07:39            243100   4647   0   4647   0      0     10      0           07:40            243100   4647   0   4647   0      0     10      0           07:41            243100   4647   0   4647   0      0     10      0           07:43            243100   4647   0   4647   0      0     10      0           07:44              0100   4647   0   4647   0      0      9      0           07:45              0100   4647   0   4647   0      0      9      0           07:46              0100   4647   0   4647   0      0      9      0           07:47              0100   4647   0   4647   0      0      9      0           07:48              0100   4647   0   4647   0      0      9      0           07:49              0100   4647   0   4647   0      0      9      0           07:50              0100   4647   0   4647   0      0      9      0           07:51              0100   4647   0   4647   0      0      9      0           07:52              0100   4647   0   4647   0      0      9      0           07:53              0100   4647   0   4647   0      0      9      0           07:54              0100   4647   0   4647   0      0      9      0           07:55              0100   4647   0   4647   0      0      9      0           07:56              0100   4647   0   4647   0      0      9      0           07:57              0100   4647   0   4647   0      0      9      0           07:58              0100   4647   0   4647   0      0      9      0           07:59              0100   4647   0   4647   0      0      9      0           08:00              0100   4647   0   4647   0      0      9      0           08:01              0100   4647   0   4647   0      0      9      0           08:02              0100   4647   0   4647   0      0      9      0           08:03              0100   4647   0   4647   0      0      9      0           08:04              0100   4647   0   4647   0      0      9      0           08:05              0100   4647   0   4647   0      0      9      0           08:06              0100   4647   0   4647   0      0      9      0           08:07              0100   4647   0   4647   0      0      9      0           08:08              0100   4647   0   4647   0      0      9      0           08:09              0100   4647   0   4647   0      0      9      0           08:10              0100   4647   0   4647   0      0      9      0           08:11              0100   4647   0   4647   0      0      9      0           08:12              0100   4647   0   4647   0      0      9      0           08:13              0100   4647   0   4647   0      0      9      0           08:14              0100   4647   0   4647   0      0      9      0           08:15              0100   4647   0   4647   0      0      9      0           08:16              0100   4647   0   4647   0      0      9      0           08:17              0100   4647   0   4647   0      0      9      0           08:18              0100   4647   0   4647   0      0      9      0           08:19              0100   4647   0   4647   0      0      9      0           08:20              0100   4647   0   4647   0      0      9      0           08:21              0100   4647   0   4647   0      0      9      0           08:22              0100   4647   0   4647   0      0      9      0           08:23              0100   4647   0   4647   0      0      9      0           08:24              0100   4647   0   4647   0      0      9      0           08:25              0100   4647   0   4647   0      0      9      0           08:26              0100   4647   0   4647   0      0      9      0           08:27              0100   4647   0   4647   0      0      9      0           08:28              0100   4647   0   4647   0      0      9      0           08:29              0100   4647   0   4647   0      0      9      0           08:30              0100   4647   0   4647   0      0      9      0           08:31              0100   4647   0   4647   0      0      9      0           08:32              0100   4647   0   4647   0      0      9      0           08:33              0100   4647   0   4647   0      0      9      0           08:34              0100   4647   0   4647   0      0      9      0           08:35              0100   4647   0   4647   0      0      8      0           08:36              0100   4647   0   4647   0      0      8      0           08:37              0100   4647   0   4647   0      0      8      0           08:37              8100   4647   0   4647   0      0      8      0           08:38              0100   4647   0   4647   0      0      8      0           08:39              0100   4647   0   4647   0      0      8      0           08:40              0100   4647   0   4647   0      0      8      0           08:41              0100   4647   0   4647   0      0      8      0           08:42              0100   4647   0   4647   0      0      8      0           08:43              0100   4647   0   4647   0      0      8      0           08:44              0100   4647   0   4647   0      0      8      0           08:45              0100   4647   0   4647   0      0      8      0           08:46              0100   4647   0   4647   0      0      8      0           08:47              0100   4647   0   4647   0      0      8      0           08:48              0100   4647   0   4647   0      0      8      0           08:49              0100   4647   0   4647   0      0      8      0           08:50              0100   4647   0   4647   0      0      8      0           08:51              0100   4647   0   4647   0      0      8      0           08:52              0100   4647   0   4647   0      0      8      0           08:53              0100   4647   0   4647   0      0      8      0           08:54              0100   4647   0   4647   0      0      8      0           08:55              0100   4647   0   4647   0      0      8      0           08:56              0100   4647   0   4647   0      0      8      0           08:57              0100   4647   0   4647   0      0      8      0           08:58              0100   4647   0   4647   0      0      8      0           08:59              0100   4647   0   4647   0      0      8      0           09:00              0event: audit
data: {"index": 9, "timestamp": "2026-08-10T07:16:50.470844+00:00", "event": "evaluated", "actor": "studio:9ca0d5f03c05", "session_id": "cfc19369-fd77-4670-8ac5-08bfd5ab49a2", "packet_id": "0573b9d5-a5d8-4df8-9345-bbc0cbe98ef5", "detail": {"packet_id": "0573b9d5-a5d8-4df8-9345-bbc0cbe98ef5", "capability": "grapheme_to_phoneme/speech_tts/pronunciation/as-ipa", "baseline": {"suite_id": "tts_pronunciation_as_v1", "module_id": "ollama-qwen3.5-latest", "split": "heldout", "with_skills": false, "n_cases": 6, "score": 0.35, "task_success": 0.0, "language_preservation": 1.0, "hallucination_risk": 1.0, "similarity_is_semantic": true}, "candidate": {"suite_id": "tts_pronunciation_as_v1", "module_id": "ollama-qwen3.5-latest", "split": "heldout", "with_skills": true, "n_cases": 6, "score": 0.35, "task_success": 0.0, "language_preservation": 1.0, "hallucination_risk": 1.0, "similarity_is_semantic": true}, "case_diff": [{"case_id": "w_kam", "expected": "kam", "baseline_output": "", "candidate_output": "", "baseline_score": 0.35, "candidate_score": 0.35, "delta": 0.0, "regressed": false}, {"case_id": "w_nam", "expected": "nam", "baseline_output": "", "candidate_output": "", "baseline_score": 0.35, "candidate_score": 0.35, "delta": 0.0, "regressed": false}, {"case_id": "w_mat", "expected": "mat", "baseline_output": "", "candidate_output": "", "baseline_score": 0.35, "candidate_score": 0.35, "delta": 0.0, "regressed": false}, {"case_id": "w_bhal", "expected": "bʱal", "baseline_output": "", "candidate_output": "", "baseline_score": 0.35, "candidate_score": 0.35, "delta": 0.0, "regressed": false}, {"case_id": "w_xat", "expected": "xat", "baseline_output": "", "candidate_output": "", "baseline_score": 0.35, "candidate_score": 0.35, "delta": 0.0, "regressed": false}, {"case_id": "w_kitap", "expected": "kitap", "baseline_output": "", "candidate_output": "", "baseline_score": 0.35, "candidate_score": 0.35, "delta": 0.0, "regressed": false}], "improvement": 0.0, "regressions": [], "scores": {"schema_compliance": 1.0, "semantic_similarity": 0.0, "task_success": 0.0, "language_preservation": 1.0, "hallucination_risk": 1.0, "aggregate": 0.35, "baseline_score": 0.3499999999999999, "candidate_score": 0.3499999999999999, "regression_detected": false, "regression_detail": null, "case_count": 6, "case_regression_count": 0}, "similarity_is_semantic": true, "caveat": "Scores use a lexical similarity proxy, not semantic embedding. Directional only; not a substitute for native-speaker or expert review."}, "prev_hash": "c3a85ec7fbe7dd66a9b709dd9e603803d2c35a90c8412d28cbc0645cec323e45", "hash": "fdc809db1100c275252503931bee9e35e5ac0b76c98905a2889796b5163c20f9"}

event: audit
data: {"index": 10, "timestamp": "2026-08-10T07:16:50.500423+00:00", "event": "gate_decision", "actor": "studio:9ca0d5f03c05", "session_id": "cfc19369-fd77-4670-8ac5-08bfd5ab49a2", "packet_id": "0573b9d5-a5d8-4df8-9345-bbc0cbe98ef5", "detail": {"packet_id": "0573b9d5-a5d8-4df8-9345-bbc0cbe98ef5", "status": "rejected", "approved": false, "needs_human": false, "reason": "evaluator_threshold: evaluator_score 0.350 (need >= 0.60); benchmark_improvement: improvement +0.0000 (need >= 0.010)", "checks": [{"name": "schema_validation", "passed": true, "detail": "schema_compliance 1.00 (need >= 1.00)", "hard": true}, {"name": "distilled_payload_present", "passed": true, "detail": "distilled_skill is present", "hard": true}, {"name": "evaluator_threshold", "passed": false, "detail": "evaluator_score 0.350 (need >= 0.60)", "hard": false}, {"name": "safety_threshold", "passed": true, "detail": "safety_score 1.000 (need >= 0.70)", "hard": true}, {"name": "benchmark_improvement", "passed": false, "detail": "improvement +0.0000 (need >= 0.010)", "hard": false}, {"name": "no_regression", "passed": true, "detail": "no regression detected", "hard": true}, {"name": "case_regression_limit", "passed": true, "detail": "0/6 held-out cases regressed (ratio 0.00, max 1.00)", "hard": true}, {"name": "provenance_present", "passed": true, "detail": "chain=['ollama-gemma2-9b']", "hard": true}, {"name": "synthetic_depth", "passed": true, "detail": "synthetic_depth 0 (max 2)", "hard": true}, {"name": "no_self_transfer", "passed": true, "detail": "receiver 'ollama-qwen3.5-latest' absent in provenance chain", "hard": true}, {"name": "rollback_metadata", "passed": true, "detail": "rollback_token present", "hard": true}, {"name": "applicable_learning_level", "passed": true, "detail": "level L3 is applicable", "hard": true}, {"name": "no_mock_provenance", "passed": true, "detail": "provenance excludes a mock module", "hard": true}]}, "prev_hash": "fdc809db1100c275252503931bee9e35e5ac0b76c98905a2889796b5163c20f9", "hash": "dae738fec46e9d2702fde74e92ebd5700cde989d6dc7a7289f7e568dd1aa4d56"}

event: audit
data: {"index": 11, "timestamp": "2026-08-10T07:16:50.530149+00:00", "event": "rejected", "actor": "studio:9ca0d5f03c05", "session_id": "cfc19369-fd77-4670-8ac5-08bfd5ab49a2", "packet_id": "0573b9d5-a5d8-4df8-9345-bbc0cbe98ef5", "detail": {"reason": "evaluator_threshold: evaluator_score 0.350 (need >= 0.60); benchmark_improvement: improvement +0.0000 (need >= 0.010)"}, "prev_hash": "dae738fec46e9d2702fde74e92ebd5700cde989d6dc7a7289f7e568dd1aa4d56", "hash": "9b92024087b0bfa87c943d3eacb32529dbbde62ad7b7c9b397fbc54c4759faf5"}

event: audit
data: {"index": 12, "timestamp": "2026-08-10T07:16:50.558541+00:00", "event": "run_complete", "actor": "studio:9ca0d5f03c05", "session_id": "cfc19369-fd77-4670-8ac5-08bfd5ab49a2", "packet_id": null, "detail": {"extracted": 12, "dropped_relevance": 0, "dropped_safety": 0, "distilled": 1, "promoted": 0, "pending_human": 0, "rejected": 1}, "prev_hash": "9b92024087b0bfa87c943d3eacb32529dbbde62ad7b7c9b397fbc54c4759faf5", "hash": "9a23da05ca5bd12ca077666f8cdbe7597be6cdf6e6eb65cf62b2dcf38a804866"}

event: status
data: {"status": "done", "error": null}

100  10544   0  10544   0      0     19      0           09:00           1116100  10544   0  10544   0      0     19      0           09:00           1116100  10544   0  10544   0      0     19      0           09:00           1116
